# mesh name: waterMesh
# primitive scorer name: Edep
# iX, iY, iZ, total(value) [MeV], total(val^2), entry
0,0,0,0,0,0
0,0,1,0,0,0
0,0,2,0,0,0
0,0,3,0,0,0
0,0,4,0,0,0
0,0,5,0,0,0
0,0,6,0,0,0
0,0,7,0,0,0
0,0,8,0,0,0
0,0,9,0,0,0
0,0,10,0,0,0
0,0,11,0,0,0
0,0,12,0,0,0
0,0,13,0,0,0
0,0,14,0,0,0
0,0,15,0,0,0
0,0,16,0,0,0
0,0,17,0,0,0
0,0,18,0,0,0
0,0,19,0,0,0
0,0,20,0,0,0
0,0,21,0,0,0
0,0,22,0,0,0
0,0,23,0,0,0
0,0,24,0,0,0
0,0,25,0,0,0
0,0,26,0,0,0
0,0,27,0,0,0
0,0,28,0,0,0
0,0,29,0,0,0
0,0,30,0,0,0
0,0,31,0,0,0
0,0,32,0,0,0
0,0,33,0,0,0
0,0,34,0,0,0
0,0,35,0,0,0
0,0,36,0,0,0
0,0,37,0,0,0
0,0,38,0,0,0
0,0,39,0,0,0
0,0,40,0,0,0
0,0,41,0,0,0
0,0,42,0,0,0
0,0,43,0,0,0
0,0,44,0,0,0
0,0,45,0,0,0
0,0,46,0,0,0
0,0,47,0,0,0
0,0,48,0,0,0
0,0,49,0,0,0
0,0,50,0,0,0
0,0,51,0,0,0
0,0,52,0,0,0
0,0,53,0,0,0
0,0,54,0,0,0
0,0,55,0,0,0
0,0,56,0,0,0
0,0,57,0,0,0
0,0,58,0,0,0
0,0,59,0,0,0
0,0,60,0,0,0
0,0,61,0,0,0
0,0,62,0,0,0
0,0,63,0,0,0
0,0,64,0,0,0
0,0,65,0,0,0
0,0,66,0,0,0
0,0,67,0,0,0
0,0,68,0,0,0
0,0,69,0,0,0
0,0,70,0,0,0
0,0,71,0,0,0
0,0,72,0,0,0
0,0,73,0,0,0
0,0,74,0,0,0
0,0,75,0,0,0
0,0,76,0,0,0
0,0,77,0,0,0
0,0,78,0,0,0
0,0,79,0,0,0
0,0,80,0,0,0
0,0,81,0,0,0
0,0,82,0,0,0
0,0,83,0,0,0
0,0,84,0,0,0
0,0,85,0,0,0
0,0,86,0,0,0
0,0,87,0,0,0
0,0,88,0,0,0
0,0,89,0,0,0
0,0,90,0,0,0
0,0,91,0,0,0
0,0,92,0,0,0
0,0,93,0,0,0
0,0,94,0,0,0
0,0,95,0,0,0
0,0,96,0,0,0
0,0,97,0,0,0
0,0,98,0,0,0
0,0,99,0,0,0
0,0,100,0,0,0
0,0,101,0,0,0
0,0,102,0,0,0
0,0,103,0,0,0
0,0,104,0,0,0
0,0,105,0,0,0
0,0,106,0,0,0
0,0,107,0,0,0
0,0,108,0,0,0
0,0,109,0,0,0
0,0,110,0,0,0
0,0,111,0,0,0
0,0,112,0,0,0
0,0,113,0,0,0
0,0,114,0,0,0
0,0,115,0,0,0
0,0,116,0,0,0
0,0,117,0,0,0
0,0,118,0,0,0
0,0,119,0,0,0
0,0,120,0,0,0
0,0,121,0,0,0
0,0,122,0,0,0
0,0,123,0,0,0
0,0,124,0,0,0
0,0,125,0,0,0
0,0,126,0,0,0
0,0,127,0,0,0
0,0,128,0,0,0
0,0,129,0,0,0
0,0,130,0,0,0
0,0,131,0,0,0
0,0,132,0,0,0
0,0,133,0,0,0
0,0,134,0,0,0
0,0,135,0,0,0
0,0,136,0,0,0
0,0,137,0,0,0
0,0,138,0,0,0
0,0,139,0,0,0
0,0,140,0,0,0
0,0,141,0,0,0
0,0,142,0,0,0
0,0,143,0,0,0
0,0,144,0,0,0
0,0,145,0,0,0
0,0,146,0,0,0
0,0,147,0,0,0
0,0,148,0.4655045654875494,0.2166945004897521,1
0,0,149,0.0006143716266251431,3.774524956020243e-07,1
0,0,150,0,0,0
0,0,151,2.287170673298533e-06,5.231149688796865e-12,1
0,0,152,1.971670826605987e-08,3.887485848489135e-16,1
0,0,153,6.342499466427398e-05,4.022729948163183e-09,1
0,0,154,1.520436069313291e-05,2.31149115220742e-10,2
0,0,155,4.646398796353992,21.58902177475982,1
0,0,156,7.600198455293139e-05,5.774598188182249e-09,2
0,0,157,0.0461223605647092,0.002127270876905436,2
0,0,158,0.01069849245482146,0.0001144577408058718,1
0,0,159,0.05903810706729473,0.003485498086089356,1
0,0,160,0,0,0
0,0,161,1.160047986559221e-07,1.345711331120102e-14,1
0,0,162,2.559200822330922,6.549508849019269,1
0,0,163,0,0,0
0,0,164,0,0,0
0,0,165,0,0,0
0,0,166,0,0,0
0,0,167,0,0,0
0,0,168,0,0,0
0,0,169,0,0,0
0,0,170,6.660943435191713,44.36816744682357,1
0,0,171,0,0,0
0,0,172,0,0,0
0,0,173,0,0,0
0,0,174,0,0,0
0,0,175,0,0,0
0,0,176,0,0,0
0,0,177,0,0,0
0,0,178,0,0,0
0,0,179,0,0,0
0,0,180,0,0,0
0,0,181,0,0,0
0,0,182,0,0,0
0,0,183,0,0,0
0,0,184,0,0,0
0,0,185,0,0,0
0,0,186,0,0,0
0,0,187,0,0,0
0,0,188,0,0,0
0,0,189,0,0,0
0,0,190,0,0,0
0,0,191,0,0,0
0,0,192,0,0,0
0,0,193,0,0,0
0,0,194,0,0,0
0,0,195,0,0,0
0,0,196,0,0,0
0,0,197,0,0,0
0,0,198,0,0,0
0,0,199,0,0,0
0,0,200,3.975746685275226,15.80656170547695,1
0,0,201,0,0,0
0,0,202,0,0,0
0,0,203,0,0,0
0,0,204,0,0,0
0,0,205,0,0,0
0,0,206,0,0,0
0,0,207,0,0,0
0,0,208,0,0,0
0,0,209,0,0,0
0,0,210,0,0,0
0,0,211,0,0,0
0,0,212,0,0,0
0,0,213,0,0,0
0,0,214,0,0,0
0,0,215,0,0,0
0,0,216,0,0,0
0,0,217,0,0,0
0,0,218,0,0,0
0,0,219,11.37915922688087,129.485264710708,1
0,0,220,2.668059206023388,7.118539926846152,1
0,0,221,0,0,0
0,0,222,0,0,0
0,0,223,0,0,0
0,0,224,0,0,0
0,0,225,0,0,0
0,0,226,0,0,0
0,0,227,0,0,0
0,0,228,0,0,0
0,0,229,0,0,0
0,0,230,1.601993290929613,2.566382504183492,1
0,0,231,0,0,0
0,0,232,0,0,0
0,0,233,0,0,0
0,0,234,0,0,0
0,0,235,0,0,0
0,0,236,0,0,0
0,0,237,0,0,0
0,0,238,0,0,0
0,0,239,0,0,0
0,0,240,0,0,0
0,0,241,0,0,0
0,0,242,0,0,0
0,0,243,0,0,0
0,0,244,0,0,0
0,0,245,0,0,0
0,0,246,0,0,0
0,0,247,0,0,0
0,0,248,0,0,0
0,0,249,0,0,0
0,0,250,0,0,0
0,0,251,0,0,0
0,0,252,0,0,0
0,0,253,0,0,0
0,0,254,0,0,0
0,0,255,0,0,0
0,0,256,0,0,0
0,0,257,0,0,0
0,0,258,0,0,0
0,0,259,0,0,0
0,0,260,0,0,0
0,0,261,0,0,0
0,0,262,0.1848978884031567,0.03418722913594618,1
0,0,263,0,0,0
0,0,264,0,0,0
0,0,265,0,0,0
0,0,266,0,0,0
0,0,267,0,0,0
0,0,268,0,0,0
0,0,269,0,0,0
0,0,270,0,0,0
0,0,271,0,0,0
0,0,272,0,0,0
0,0,273,0,0,0
0,0,274,0,0,0
0,0,275,0,0,0
0,0,276,0,0,0
0,0,277,0,0,0
0,0,278,0,0,0
0,0,279,0,0,0
0,0,280,0,0,0
0,0,281,0,0,0
0,0,282,0,0,0
0,0,283,0,0,0
0,0,284,0,0,0
0,0,285,0,0,0
0,0,286,0,0,0
0,0,287,0,0,0
0,0,288,0,0,0
0,0,289,0,0,0
0,0,290,0,0,0
0,0,291,0,0,0
0,0,292,0,0,0
0,0,293,0,0,0
0,0,294,0,0,0
0,0,295,0,0,0
0,0,296,0,0,0
0,0,297,0,0,0
0,0,298,0,0,0
0,0,299,0,0,0
0,0,300,0,0,0
0,0,301,0,0,0
0,0,302,0,0,0
0,0,303,0,0,0
0,0,304,0,0,0
0,0,305,0,0,0
0,0,306,0,0,0
0,0,307,0,0,0
0,0,308,0,0,0
0,0,309,0,0,0
0,0,310,0,0,0
0,0,311,0,0,0
0,0,312,0,0,0
0,0,313,0,0,0
0,0,314,0,0,0
0,0,315,0,0,0
0,0,316,0,0,0
0,0,317,0,0,0
0,0,318,0,0,0
0,0,319,0.008984848426965196,8.072750125553896e-05,1
0,0,320,0,0,0
0,0,321,0,0,0
0,0,322,0.005536533791951932,3.065320642942564e-05,1
0,0,323,0,0,0
0,0,324,0,0,0
0,0,325,0.006090154039771964,3.708997622815077e-05,1
0,0,326,0,0,0
0,0,327,0,0,0
0,0,328,0,0,0
0,0,329,0.6922350842141896,0.4791894118170261,1
0,0,330,0.04194408415861374,0.001759306195904872,1
0,0,331,0,0,0
0,0,332,0.01128854470171187,0.000127431241482547,1
0,0,333,0,0,0
0,0,334,0,0,0
0,0,335,0,0,0
0,0,336,0,0,0
0,0,337,0,0,0
0,0,338,0,0,0
0,0,339,0,0,0
0,0,340,0.0215436118690749,0.0004641272123653448,1
0,0,341,0,0,0
0,0,342,0,0,0
0,0,343,0.06506999923310119,0.00423410480019579,1
0,0,344,8.136127367483333,66.12939752871569,2
0,0,345,0,0,0
0,0,346,0.002228654790422017,4.966902174871003e-06,1
0,0,347,0,0,0
0,0,348,0,0,0
0,0,349,0,0,0
0,0,350,0.01905698727557592,0.0003631687640214626,1
0,0,351,0.1993616117931651,0.03974505225676868,1
0,0,352,0,0,0
0,0,353,0,0,0
0,0,354,0.2598614573103077,0.06752797699543689,1
0,0,355,0,0,0
0,0,356,1.498415570306634,2.245249221337354,1
0,0,357,0.08185030098911739,0.006699471772009111,1
0,0,358,0,0,0
0,0,359,0.00270443127251252,7.313948507743687e-06,1
0,0,360,0.06595992877999651,0.002416494995145524,2
0,0,361,0,0,0
0,0,362,0,0,0
0,0,363,0.08140875180816036,0.006627384870962653,1
0,0,364,0.03632574024595669,0.001319559404416718,1
0,0,365,0.2268619337563073,0.05146633698765118,1
0,0,366,5.428391886435201,29.46743847271552,1
0,0,367,1.195710110459315,1.429722668254626,1
0,0,368,3.714290988857389,13.66469671026368,2
0,0,369,0.06324086304744014,0.00399940675898508,1
0,0,370,1.151137127369013,1.284092879021415,2
0,0,371,0.005614453348568471,3.152208640325172e-05,1
0,0,372,0,0,0
0,0,373,61.23077769550112,369.1594876789338,12
0,0,374,979.8970231839072,11393.94203721903,90
0,0,375,742.8537505938931,6267.189123256854,92
0,0,376,557.1230127892006,3486.230837247975,94
0,0,377,480.6630468931982,2807.625718482111,95
0,0,378,419.4557157826611,1955.695937780984,95
0,0,379,403.0520108215333,1998.486482950223,96
0,0,380,356.3632926934345,1389.555984877105,96
0,0,381,340.8022205829845,1309.803962309005,96
0,0,382,325.5913744079313,1243.421964066051,96
0,0,383,313.6088772213113,1152.696550626181,97
0,0,384,285.6821184892518,848.3234100857583,97
0,0,385,276.7927930305844,795.2918971150955,97
0,0,386,262.7442764126197,715.8224143661728,97
0,0,387,256.9477207332893,685.0029221650535,97
0,0,388,257.6616237188668,727.8288395939944,98
0,0,389,243.6369767946088,617.9161557914375,98
0,0,390,232.8984641646293,555.4141999695692,98
0,0,391,228.4251416702478,535.1574846351026,98
0,0,392,222.7151782849941,508.475852853022,98
0,0,393,216.3616064353838,479.9127858896085,98
0,0,394,212.761463533448,464.2406923286992,98
0,0,395,213.362227126988,471.6615429291646,98
0,0,396,205.3700339196665,433.5216301523238,98
0,0,397,237.7818242165513,1668.337994452071,99
0,0,398,200.5167068796557,408.4984739994647,99
0,0,399,218.0058125579881,834.0663231873189,100
